10
100
1000
1001
1002
1003
1006
1007
1013
1014
1015
1016
1017
1018
1020
1022
1024
1028
103
1032
1034
1036
1039
104
1040
1041
1042
1043
1047
1049
1053
1054
1055
1057
106
1060
1067
1068
1069
107
1074
1075
1076
1083
1085
1088
109
1090
1095
1097
1098
1099
11
110
1105
1108
1109
111
1110
1112
1114
1116
1117
1118
1119
112
1120
1121
1122
1123
1124
1125
1126
1127
1131
1132
1135
1137
114
1140
1144
1145
1146
1147
1148
1149
1152
1153
1154
1155
1156
1158
116
1160
1161
1162
1163
1164
1175
1176
1178
118
1181
1184
1185
1186
1188
1189
119
1190
1191
1194
1195
1196
1199
12
1200
1201
1203
1205
1206
1207
1208
1209
121
1210
1211
1212
1215
1216
1217
1218
1219
122
1221
1222
1223
1224
1225
1226
1227
1228
1230
1231
1233
1234
1238
1240
1241
1242
1243
1244
1245
1246
1247
1249
1250
1251
1252
1254
1255
1256
1258
1259
126
1261
1262
1263
127
128
129
13
130
131
132
133
134
135
136
137
138
14
144
146
147
149
15
153
154
155
156
157
159
16
160
161
163
164
165
166
167
168
17
170
171
172
173
175
176
177
178
179
18
182
183
185
19
190
191
194
195
197
198
199
20
200
203
205
206
209
21
210
211
213
215
217
218
219
22
220
221
224
225
226
229
23
230
232
236
239
240
247
249
250
251
254
256
26
261
262
264
265
267
269
272
273
275
278
279
280
281
282
283
287
288
289
29
290
293
294
296
297
298
30
300
302
303
304
305
306
307
308
31
312
313
315
316
317
318
319
320
321
323
324
326
327
33
330
331
333
335
337
340
342
344
346
348
35
350
353
354
355
357
360
361
363
365
368
369
371
373
374
375
376
377
378
380
381
384
386
389
39
391
392
393
396
397
398
399
40
400
401
403
404
407
409
410
411
412
413
414
415
416
417
42
420
421
426
427
429
43
433
434
435
436
437
438
439
440
441
442
444
446
447
448
449
45
451
453
455
456
457
46
464
467
469
47
470
471
472
473
475
476
477
478
479
480
482
483
484
486
487
488
49
492
493
494
495
497
499
505
507
508
51
510
512
515
517
518
519
520
522
525
527
528
53
530
532
533
534
535
536
537
538
539
54
542
543
545
548
55
551
552
553
555
556
557
558
559
56
560
562
565
566
567
569
57
571
572
573
576
578
579
58
581
582
583
584
585
586
587
588
589
590
591
592
593
594
595
603
604
605
606
608
609
610
611
612
613
615
616
617
618
619
62
621
625
626
629
63
631
632
633
635
636
638
639
64
643
644
645
65
650
653
654
656
658
660
662
663
666
668
67
671
674
675
676
678
679
68
681
682
684
687
689
69
690
694
695
697
699
70
700
702
703
704
709
71
710
715
716
718
72
720
721
723
724
727
728
731
733
734
737
74
742
745
746
747
75
754
758
759
76
760
762
763
765
766
768
769
77
770
775
777
782
786
787
788
789
79
791
792
793
795
796
798
799
801
802
803
804
806
808
809
81
811
812
816
817
818
819
820
822
825
826
828
83
832
834
836
838
839
84
840
843
844
846
849
85
851
852
853
854
856
859
860
861
865
866
868
869
871
872
873
876
878
879
880
882
883
884
889
89
890
893
894
895
897
898
899
904
905
906
908
91
911
913
914
917
919
92
923
928
93
930
934
936
938
939
94
940
941
942
944
947
948
95
951
952
953
955
956
957
958
960
962
963
964
965
967
969
970
975
979
980
981
984
985
986
99
990
991
992
998
999
1236
101
106
108
1108
110
1135
113
1159
1165
1169
1173
1178
1208
123
124
1266
1274
1280
1284
1286
1289
1290
1312
1313
1316
145
159
192
204
207
241
253
263
268
272
285
287
292
30
315
338
347
358
360
364
370
383
405
428
42
432
443
463
513
514
575
631
64
696
729
73
761
851
858
86
874
892
89
987
1428
1429
1096
1431
329
